# oST version 5.0 parameters

[image]

width
752

height
480

[narrow_stereo]

camera matrix
420.995421 0.000000 370.970632
0.000000 420.938819 248.702844
0.000000 0.000000 1.000000

distortion
-0.282062 0.068822 0.000827 -0.000439 0.000000

rectification
1.000000 0.000000 0.000000
0.000000 1.000000 0.000000
0.000000 0.000000 1.000000

projection
308.495712 0.000000 366.923610 0.000000
0.000000 376.572658 250.930046 0.000000
0.000000 0.000000 1.000000 0.000000

